
1X1
   1

2X2
   1   2
   4   3

3X3
   1   2   3
   8   9   4
   7   6   5

4X4
   1   2   3   4
  12  13  14   5
  11  16  15   6
  10   9   8   7

5X5
   1   2   3   4   5
  16  17  18  19   6
  15  24  25  20   7
  14  23  22  21   8
  13  12  11  10   9

4X7
   1   2   3   4   5   6   7
  18  19  20  21  22  23   8
  17  28  27  26  25  24   9
  16  15  14  13  12  11  10

7X4
   1   2   3   4
  18  19  20   5
  17  28  21   6
  16  27  22   7
  15  26  23   8
  14  25  24   9
  13  12  11  10

4X8
   1   2   3   4   5   6   7   8
  20  21  22  23  24  25  26   9
  19  32  31  30  29  28  27  10
  18  17  16  15  14  13  12  11

8X4
   1   2   3   4
  20  21  22   5
  19  32  23   6
  18  31  24   7
  17  30  25   8
  16  29  26   9
  15  28  27  10
  14  13  12  11

15X20
   1   2   3   4   5   6   7   8   9  10  11  12  13  14  15  16  17  18  19  20
  66  67  68  69  70  71  72  73  74  75  76  77  78  79  80  81  82  83  84  21
  65 124 125 126 127 128 129 130 131 132 133 134 135 136 137 138 139 140  85  22
  64 123 174 175 176 177 178 179 180 181 182 183 184 185 186 187 188 141  86  23
  63 122 173 216 217 218 219 220 221 222 223 224 225 226 227 228 189 142  87  24
  62 121 172 215 250 251 252 253 254 255 256 257 258 259 260 229 190 143  88  25
  61 120 171 214 249 276 277 278 279 280 281 282 283 284 261 230 191 144  89  26
  60 119 170 213 248 275 294 295 296 297 298 299 300 285 262 231 192 145  90  27
  59 118 169 212 247 274 293 292 291 290 289 288 287 286 263 232 193 146  91  28
  58 117 168 211 246 273 272 271 270 269 268 267 266 265 264 233 194 147  92  29
  57 116 167 210 245 244 243 242 241 240 239 238 237 236 235 234 195 148  93  30
  56 115 166 209 208 207 206 205 204 203 202 201 200 199 198 197 196 149  94  31
  55 114 165 164 163 162 161 160 159 158 157 156 155 154 153 152 151 150  95  32
  54 113 112 111 110 109 108 107 106 105 104 103 102 101 100  99  98  97  96  33
  53  52  51  50  49  48  47  46  45  44  43  42  41  40  39  38  37  36  35  34

3X10
   1   2   3   4   5   6   7   8   9  10
  22  23  24  25  26  27  28  29  30  11
  21  20  19  18  17  16  15  14  13  12

8X9
   1   2   3   4   5   6   7   8   9
  30  31  32  33  34  35  36  37  10
  29  52  53  54  55  56  57  38  11
  28  51  66  67  68  69  58  39  12
  27  50  65  72  71  70  59  40  13
  26  49  64  63  62  61  60  41  14
  25  48  47  46  45  44  43  42  15
  24  23  22  21  20  19  18  17  16

0X10

1X20
   1   2   3   4   5   6   7   8   9  10  11  12  13  14  15  16  17  18  19  20
