( 2.5, 3 ) + ( 1, 5.5 )
( 2.5, 3 ) - ( 1, 5.5 )
( 2.5, 3 ) * ( 1, 5.5 )
( 2.5, 3 ) / ( 1, 5.5 )
( -1.1, 2.4 ) A 
( 1, 5.5 ) A
( 5.43, 2.34 ) - ( 9.98, -3.4 )
( 3.3, 5 ) * ( -12.4, -4.3 )
( 4.65, 5.5 ) / ( 2.24, -7.6 )
( -6.5, -3.4 ) + ( .5, 1.23 )
( 1.1, 7.55 ) + ( 4.55, 6.43 )
( 4, 6 ) / ( 8, 9 )
( -5, -7 ) * ( -10, -20 )
( 20.45, 18.54 ) * ( 23, 9.0 )
( 10, 5 ) - ( 3.45, .55 )
( 10, -9 ) A
( 6.3, -3.6 ) + ( 39.8, 20.1 )
( 2.8, -1.4 ) * ( 4, -9 )
( 2.8, 8 ) - ( 4, 5.5 )
( 2.0, 7 ) + ( 1, 4.5 )
( 1, 5.5 ) A
( 14, 7 ) - ( -3.5, -.5 )